 
1 1 7 15
q
9 1 7 15
w
17 1 7 15
e
25 1 7 15
r
33 1 7 15
t
41 1 7 15
y
49 1 7 15
u
57 1 7 15
i
65 1 7 15
o
73 1 7 15
p
81 1 7 15
a
89 1 7 15
s
97 1 7 15
d
105 1 7 15
f
113 1 7 15
g
121 1 7 15
h
1 17 7 15
j
9 17 7 15
k
17 17 7 15
l
25 17 7 15
z
33 17 7 15
x
41 17 7 15
c
49 17 7 15
v
57 17 7 15
b
65 17 7 15
n
73 17 7 15
m
81 17 7 15
Q
89 17 7 15
W
97 17 7 15
E
105 17 7 15
R
113 17 7 15
T
121 17 7 15
Y
1 33 7 15
U
9 33 7 15
I
17 33 7 15
O
25 33 7 15
P
33 33 7 15
A
41 33 7 15
S
49 33 7 15
D
57 33 7 15
F
65 33 7 15
G
73 33 7 15
H
81 33 7 15
J
89 33 7 15
K
97 33 7 15
L
105 33 7 15
Z
113 33 7 15
X
121 33 7 15
C
1 49 7 15
V
9 49 7 15
B
17 49 7 15
N
25 49 7 15
M
33 49 7 15
1
41 49 7 15
2
49 49 7 15
3
57 49 7 15
4
65 49 7 15
5
73 49 7 15
6
81 49 7 15
7
89 49 7 15
8
97 49 7 15
9
105 49 7 15
0
113 49 7 15
-
121 49 7 15
=
1 65 7 15
+
9 65 7 15
_
17 65 7 15
!
25 65 7 15
?
33 65 7 15
<
41 65 7 15
>
49 65 7 15
,
57 65 7 15
.
65 65 7 15
;
73 65 7 15
:
81 65 7 15
"
89 65 7 15
'
97 65 7 15
@
105 65 7 15
£
113 65 7 15
$
121 65 7 15
%
1 81 7 15
^
9 81 7 15
&
17 81 7 15
*
25 81 7 15
(
33 81 7 15
)
41 81 7 15
[
49 81 7 15
]
57 81 7 15
{
65 81 7 15
}
73 81 7 15
|
81 81 7 15
\
89 81 7 15
~
97 81 7 15
/
105 81 7 15
±
113 81 7 15
