 
1 1 3 15
q
5 1 6 15
w
12 1 9 15
e
22 1 5 15
r
28 1 4 15
t
33 1 4 15
y
38 1 7 15
u
46 1 6 15
i
53 1 3 15
o
57 1 6 15
p
64 1 7 15
a
72 1 5 15
s
78 1 5 15
d
84 1 6 15
f
91 1 4 15
g
96 1 5 15
h
102 1 6 15
j
109 1 3 15
k
113 1 6 15
l
120 1 3 15
z
1 17 6 15
x
8 17 5 15
c
14 17 5 15
v
20 17 6 15
b
27 17 6 15
n
34 17 6 15
m
41 17 9 15
Q
51 17 9 15
W
61 17 11 15
E
73 17 7 15
R
81 17 8 15
T
90 17 8 15
Y
99 17 8 15
U
108 17 9 15
I
118 17 4 15
O
1 33 9 15
P
11 33 7 15
A
19 33 9 15
S
29 33 6 15
D
36 33 9 15
F
46 33 7 15
G
54 33 9 15
H
64 33 9 15
J
74 33 5 15
K
80 33 9 15
L
90 33 7 15
Z
98 33 8 15
X
107 33 9 15
C
117 33 8 15
V
1 49 8 15
B
10 49 8 15
N
19 49 9 15
M
29 49 12 15
1
42 49 6 15
2
49 49 6 15
3
56 49 6 15
4
63 49 6 15
5
70 49 6 15
6
77 49 6 15
7
84 49 6 15
8
91 49 6 15
9
98 49 6 15
0
105 49 6 15
-
112 49 4 15
=
117 49 7 15
+
1 65 7 15
_
9 65 6 15
!
16 65 4 15
?
21 65 5 15
<
27 65 7 15
>
35 65 7 15
,
43 65 3 15
.
47 65 3 15
;
51 65 3 15
:
55 65 3 15
"
59 65 5 15
'
65 65 2 15
@
68 65 11 15
£
80 65 6 15
$
87 65 6 15
%
94 65 10 15
^
105 65 6 15
&
112 65 9 15
*
122 65 6 15
(
1 81 4 15
)
6 81 4 15
[
11 81 4 15
]
16 81 4 15
{
21 81 6 15
}
28 81 6 15
|
35 81 2 15
\
38 81 3 15
~
42 81 6 15
/
49 81 3 15
±
53 81 7 15
